200 0
360 0
520 0
680 0
840 0
1000 0
1160 0
1320 0
1480 1
1640 1
1800 1
1960 1
2120 1
2280 1
2440 1
2600 1
2760 1
2920 1
3080 1
3240 1
3400 1
3560 1
3720 1
3880 1
4040 1
4200 1
4360 1
4520 1
4680 1
4840 1
5000 1
5160 1
5320 1
5480 1
5640 1
5800 1
5960 1
6120 1
6280 1
6440 1
6600 1
6760 1
6920 1
7080 1
7240 1
7400 1
7560 1
7720 1
7880 1
8040 1
8200 1
8360 1
8520 1
8680 1
8840 1
9000 1
9160 1
9320 1
9480 1
9640 1
9800 1
9960 1
10120 1
10280 1
10440 1
10600 1
10760 1
10920 1
11080 1
11240 1
11400 1
11560 1
11720 1
11880 1
12040 1
12200 1
12360 1
12520 1
12680 1
12840 1
13000 1
13160 1
13320 1
13480 1
13640 1
13800 1
13960 1
14120 1
14280 1
14440 1
14600 1
14760 1
14920 1
15080 1
15240 1
15400 1
15560 1
15720 1
15880 1
16040 1
16200 1
16360 1
16520 1
16680 1
16840 1
17000 1
17160 1
17320 1
17480 1
17640 1
17800 1
17960 1
18120 1
18280 1
18440 1
18600 1
18760 1
18920 1
19080 1
19240 1
19400 1
19560 1
19720 1
19880 1
20040 1
20200 1
20360 1
20520 1
20680 1
20840 0
21000 0
21160 0
21320 0
21480 0
21640 1
21800 1
21960 1
22120 1
22280 1
22440 1
22600 1
22760 1
22920 1
23080 1
23240 1
23400 1
23560 1
23720 1
23880 1
24040 1
24200 1
24360 1
24520 1
24680 1
24840 1
25000 1
25160 1
25320 1
25480 1
25640 1
25800 1
25960 1
26120 1
26280 1
26440 1
26600 1
26760 1
26920 1
27080 1
27240 1
27400 1
27560 1
27720 1
27880 1
28040 1
28200 1
28360 1
28520 1
28680 1
28840 1
29000 1
29160 1
29320 1
29480 1
29640 1
29800 1
29960 1
30120 1
30280 1
30440 1
30600 1
30760 1
30920 1
31080 1
31240 1
31400 1
31560 1
31720 1
31880 1
32040 1
32200 1
32360 1
32520 1
32680 1
32840 1
33000 1
33160 1
33320 1
33480 1
33640 1
33800 0
33960 0
34120 0
34280 0
34440 0
34600 0
34760 0
34920 0
35080 0
35240 0
35400 0
35560 0
35720 0
35880 0
36040 0
36200 0
36360 0
36520 0
36680 0
36840 0
37000 0
37160 0
37320 0
37480 0
37640 0
37800 0
37960 0
38120 0
38280 0
38440 0
38600 0
38760 0
38920 0
39080 0
39240 0
39400 0
39560 0
39720 0
39880 0
40040 0
40200 0
40360 0
40520 0
40680 0
40840 0
41000 0
41160 0
41320 0
41480 0
41640 0
41800 0
41960 0
42120 0
42280 0
42440 0
42600 0
42760 0
42920 0
