535
615
1034
1145
1319
1434
1570
1747
2062
2311
2378
2626
2716
2863
3026
3235
3351
3349
3680
3816
3975
4149
4298
4509
4642
4790
4966
5112
5271
5427
5612
5766
5900
6125
6260
6410
6561
6710
7032
7377
7561
7757
7824
8056
8217
8382
8508
8696
8870
8978
9152
9288
9431
9621
9933
10117
10431
10611
10706
10925
11093
11198
11342
11596
11725
12022
12187
12351
12490
12696
12796
12973
13168
13305
13426
13607
13821
13936
14133
14221
14379
14557
14692
14737
15028
15184
15355
15412
15661
15847
16003
16161
16329
16473
16625
16876
17011
17193
17322
17443
17592
17834
17917
18097
18316
18432
18538
18756
18892
19095
19221
19387
19567
19730
19881
20012
20164
20330
20490
20644
20763
21028
21136
21258
21666
21768
22068
22386
22562
22776
22868
23044
23182
23396
23522
23666
23860
23980
24155
24336
24462
24643
24774
24943
25104
25264
25462
25571
25739
25896
26111
26311
26438
26580
26695
26891
27347
27494
27663
27844
28005
28141
28303
28452
28616
28789
28985
29181
29287
29458
29579
29753
29891
30221
30450
30536
30694
30855
31059
31246
31421
31506
31654
31826
31971
32227
32309
32508
32620
32797
32945
33101
33265
33420
33619
33736
33923
34073
34216
34389
34745
34862
35227
35345
35494
35663
35844
35981
36201
36391
36703
36837
37017
37168
37496
37623
37818
38455
38591
38743
39065
39268
39423
39873
40029
40525
40717
40826
41000
41137
41266
41427
42307
42418
42595
42914
